101101101
000111000
100000001
110101011
010010010
110101011
100000001
000111000
101101101
110000000
000000010
100101001
011000101
100010001
101000110
100101001
010000000
000000011
000010000
001000100
010101010
001010100
100111001
001010100
010101010
001000100
000010000
100101001000000000010010010110010011000000000110010011010010010000000000100101001
000100000100100001001010100000101011001010100110101000001010100100001001000001000
000000000001100100011110110000000110001010100011000000011011110001001100000000000